0.0000e+00 0.0000e+00 0.0000e+00 0.0000e+00 0.0000e+00 1.0000e+00 1.0000e+00 1.0000e+00 1.0000e+00 4.0000e+00 4.0000e+00 3.0000e+00 1.0000e+01 1.6000e+01 4.2000e+01 0.0000e+00 1.2830e+03 2.1120e+03 1.6560e+03 1.1040e+03 1.7900e+02 3.7000e+01 1.0000e+01 5.0000e+00 4.0000e+00 4.0000e+00 1.0000e+00 2.0000e+00 1.0000e+00 1.0000e+00 0.0000e+00 0.0000e+00 0.0000e+00 0.0000e+00 0.0000e+00 0.0000e+00
0.0000e+00 1.0000e+00 0.0000e+00 1.0000e+00 0.0000e+00 0.0000e+00 2.0000e+00 1.0000e+00 2.0000e+00 4.0000e+00 2.0000e+00 5.0000e+00 3.0000e+00 1.9000e+01 2.7000e+01 0.0000e+00 9.8200e+02 1.6050e+03 1.4900e+03 1.0130e+03 1.8300e+02 2.5000e+01 1.6000e+01 6.0000e+00 7.0000e+00 5.0000e+00 1.0000e+00 0.0000e+00 2.0000e+00 0.0000e+00 0.0000e+00 0.0000e+00 0.0000e+00 0.0000e+00 0.0000e+00 0.0000e+00
0.0000e+00 0.0000e+00 1.0000e+00 0.0000e+00 0.0000e+00 2.0000e+00 0.0000e+00 1.0000e+00 2.0000e+00 0.0000e+00 3.0000e+00 0.0000e+00 8.0000e+00 1.6000e+01 1.9000e+01 0.0000e+00 5.9500e+02 1.3020e+03 1.1010e+03 5.8700e+02 1.3600e+02 4.6000e+01 1.0000e+01 6.0000e+00 6.0000e+00 4.0000e+00 3.0000e+00 2.0000e+00 4.0000e+00 1.0000e+00 0.0000e+00 0.0000e+00 0.0000e+00 0.0000e+00 0.0000e+00 0.0000e+00
0.0000e+00 1.0000e+00 0.0000e+00 0.0000e+00 0.0000e+00 0.0000e+00 2.0000e+00 4.0000e+00 5.0000e+00 6.0000e+00 1.0000e+00 4.0000e+00 8.0000e+00 1.0000e+01 3.5000e+01 0.0000e+00 3.9500e+02 1.1530e+03 8.1200e+02 3.9900e+02 1.2600e+02 4.0000e+01 1.4000e+01 3.0000e+00 5.0000e+00 7.0000e+00 1.0000e+00 0.0000e+00 1.0000e+00 3.0000e+00 0.0000e+00 0.0000e+00 0.0000e+00 0.0000e+00 0.0000e+00 0.0000e+00
0.0000e+00 0.0000e+00 0.0000e+00 1.0000e+00 0.0000e+00 0.0000e+00 1.0000e+00 1.0000e+00 2.0000e+00 3.0000e+00 1.0000e+00 1.0000e+00 5.0000e+00 7.0000e+00 3.0000e+01 0.0000e+00 2.5400e+02 1.2930e+03 8.9000e+02 2.9800e+02 8.7000e+01 2.7000e+01 1.1000e+01 1.0000e+01 3.0000e+00 4.0000e+00 3.0000e+00 1.0000e+00 4.0000e+00 3.0000e+00 0.0000e+00 0.0000e+00 0.0000e+00 0.0000e+00 0.0000e+00 0.0000e+00
0.0000e+00 0.0000e+00 1.0000e+00 0.0000e+00 3.0000e+00 1.0000e+00 0.0000e+00 3.0000e+00 1.0000e+00 1.0000e+00 3.0000e+00 6.0000e+00 6.0000e+00 7.0000e+00 2.2000e+01 0.0000e+00 2.0400e+02 1.1740e+03 8.1300e+02 2.7100e+02 6.7000e+01 2.5000e+01 1.4000e+01 3.0000e+00 5.0000e+00 3.0000e+00 0.0000e+00 0.0000e+00 4.0000e+00 2.0000e+00 0.0000e+00 0.0000e+00 0.0000e+00 0.0000e+00 0.0000e+00 0.0000e+00
0.0000e+00 0.0000e+00 0.0000e+00 0.0000e+00 0.0000e+00 0.0000e+00 0.0000e+00 2.0000e+00 2.0000e+00 3.0000e+00 1.0000e+00 1.0000e+00 4.0000e+00 1.3000e+01 2.5000e+01 0.0000e+00 2.2800e+02 1.0050e+03 7.4100e+02 2.1200e+02 5.9000e+01 2.8000e+01 1.4000e+01 3.0000e+00 9.0000e+00 5.0000e+00 1.0000e+00 0.0000e+00 0.0000e+00 1.0000e+00 0.0000e+00 0.0000e+00 0.0000e+00 0.0000e+00 0.0000e+00 0.0000e+00
0.0000e+00 0.0000e+00 0.0000e+00 0.0000e+00 1.0000e+00 2.0000e+00 2.0000e+00 2.0000e+00 1.0000e+00 0.0000e+00 0.0000e+00 1.0000e+00 4.0000e+00 4.0000e+00 2.5000e+01 0.0000e+00 1.9300e+02 1.0840e+03 8.5900e+02 1.7800e+02 4.9000e+01 1.8000e+01 8.0000e+00 4.0000e+00 3.0000e+00 2.0000e+00 2.0000e+00 1.0000e+00 3.0000e+00 1.0000e+00 0.0000e+00 0.0000e+00 0.0000e+00 0.0000e+00 0.0000e+00 0.0000e+00
0.0000e+00 0.0000e+00 0.0000e+00 1.0000e+00 0.0000e+00 0.0000e+00 3.0000e+00 2.0000e+00 2.0000e+00 1.0000e+00 2.0000e+00 2.0000e+00 2.0000e+00 6.0000e+00 1.7000e+01 0.0000e+00 1.4600e+02 1.0260e+03 8.4600e+02 1.7200e+02 5.7000e+01 1.6000e+01 6.0000e+00 2.0000e+00 3.0000e+00 3.0000e+00 3.0000e+00 3.0000e+00 4.0000e+00 2.0000e+00 0.0000e+00 0.0000e+00 0.0000e+00 0.0000e+00 0.0000e+00 0.0000e+00
0.0000e+00 0.0000e+00 0.0000e+00 0.0000e+00 0.0000e+00 0.0000e+00 0.0000e+00 1.0000e+00 1.0000e+00 4.0000e+00 2.0000e+00 1.0000e+00 4.0000e+00 7.0000e+00 1.3000e+01 0.0000e+00 1.2500e+02 8.8700e+02 6.6900e+02 1.9700e+02 5.5000e+01 2.2000e+01 1.1000e+01 1.0000e+00 3.0000e+00 3.0000e+00 2.0000e+00 4.0000e+00 2.0000e+00 2.0000e+00 0.0000e+00 0.0000e+00 0.0000e+00 0.0000e+00 0.0000e+00 0.0000e+00
0.0000e+00 0.0000e+00 0.0000e+00 0.0000e+00 1.0000e+00 0.0000e+00 1.0000e+00 0.0000e+00 2.0000e+00 3.0000e+00 2.0000e+00 2.0000e+00 5.0000e+00 1.3000e+01 1.8000e+01 0.0000e+00 1.3700e+02 7.6000e+02 6.1300e+02 1.4400e+02 4.9000e+01 1.3000e+01 7.0000e+00 3.0000e+00 5.0000e+00 0.0000e+00 1.0000e+00 1.0000e+00 3.0000e+00 1.0000e+00 0.0000e+00 0.0000e+00 0.0000e+00 0.0000e+00 0.0000e+00 0.0000e+00
0.0000e+00 0.0000e+00 0.0000e+00 0.0000e+00 0.0000e+00 0.0000e+00 2.0000e+00 0.0000e+00 3.0000e+00 1.0000e+00 1.0000e+00 4.0000e+00 3.0000e+00 7.0000e+00 2.0000e+01 0.0000e+00 9.5000e+01 6.4200e+02 5.2000e+02 1.1600e+02 4.1000e+01 1.7000e+01 8.0000e+00 4.0000e+00 1.0000e+01 6.0000e+00 2.0000e+00 0.0000e+00 2.0000e+00 2.0000e+00 0.0000e+00 0.0000e+00 0.0000e+00 0.0000e+00 0.0000e+00 0.0000e+00
0.0000e+00 0.0000e+00 0.0000e+00 1.0000e+00 0.0000e+00 1.0000e+00 2.0000e+00 1.0000e+00 3.0000e+00 3.0000e+00 0.0000e+00 1.0000e+00 1.0000e+00 6.0000e+00 1.2000e+01 0.0000e+00 9.2000e+01 5.5600e+02 4.2300e+02 8.3000e+01 2.9000e+01 1.5000e+01 9.0000e+00 3.0000e+00 4.0000e+00 1.0000e+00 2.0000e+00 2.0000e+00 3.0000e+00 7.0000e+00 0.0000e+00 0.0000e+00 0.0000e+00 0.0000e+00 0.0000e+00 0.0000e+00
1.0000e+00 0.0000e+00 0.0000e+00 0.0000e+00 0.0000e+00 0.0000e+00 0.0000e+00 1.0000e+00 1.0000e+00 0.0000e+00 1.0000e+00 1.0000e+00 1.0000e+00 1.0000e+00 5.0000e+00 0.0000e+00 7.6000e+01 5.7300e+02 3.9400e+02 9.2000e+01 2.3000e+01 9.0000e+00 5.0000e+00 4.0000e+00 3.0000e+00 1.0000e+00 2.0000e+00 1.0000e+00 0.0000e+00 2.0000e+00 0.0000e+00 0.0000e+00 0.0000e+00 0.0000e+00 0.0000e+00 0.0000e+00
0.0000e+00 0.0000e+00 0.0000e+00 0.0000e+00 0.0000e+00 1.0000e+00 0.0000e+00 0.0000e+00 0.0000e+00 1.0000e+00 2.0000e+00 1.0000e+00 4.0000e+00 7.0000e+00 6.0000e+00 0.0000e+00 6.9000e+01 5.2500e+02 4.7000e+02 1.1400e+02 3.2000e+01 7.0000e+00 4.0000e+00 2.0000e+00 6.0000e+00 1.0000e+00 0.0000e+00 1.0000e+00 3.0000e+00 1.0000e+00 0.0000e+00 0.0000e+00 0.0000e+00 0.0000e+00 0.0000e+00 0.0000e+00
0.0000e+00 0.0000e+00 0.0000e+00 0.0000e+00 0.0000e+00 0.0000e+00 2.0000e+00 0.0000e+00 3.0000e+00 3.0000e+00 0.0000e+00 0.0000e+00 0.0000e+00 5.0000e+00 8.0000e+00 0.0000e+00 5.5000e+01 3.6700e+02 2.9700e+02 1.9300e+02 2.5000e+01 1.1000e+01 6.0000e+00 3.0000e+00 5.0000e+00 1.0000e+00 3.0000e+00 1.0000e+00 4.0000e+00 0.0000e+00 0.0000e+00 0.0000e+00 0.0000e+00 0.0000e+00 0.0000e+00 0.0000e+00
0.0000e+00 0.0000e+00 2.0000e+00 1.0000e+00 0.0000e+00 1.0000e+00 0.0000e+00 0.0000e+00 1.0000e+00 2.0000e+00 3.0000e+00 1.0000e+00 2.0000e+00 3.0000e+00 8.0000e+00 0.0000e+00 5.9000e+01 3.0500e+02 2.9900e+02 2.1900e+02 2.3000e+01 2.0000e+01 4.0000e+00 2.0000e+00 4.0000e+00 3.0000e+00 5.0000e+00 2.0000e+00 1.0000e+00 0.0000e+00 0.0000e+00 0.0000e+00 0.0000e+00 0.0000e+00 0.0000e+00 0.0000e+00
0.0000e+00 0.0000e+00 0.0000e+00 0.0000e+00 1.0000e+00 0.0000e+00 0.0000e+00 4.0000e+00 0.0000e+00 1.0000e+00 1.0000e+00 0.0000e+00 0.0000e+00 1.0000e+00 8.0000e+00 0.0000e+00 5.8000e+01 2.8000e+02 2.7300e+02 1.3200e+02 2.4000e+01 9.0000e+00 3.0000e+00 2.0000e+00 2.0000e+00 4.0000e+00 2.0000e+00 1.0000e+00 2.0000e+00 1.0000e+00 0.0000e+00 0.0000e+00 0.0000e+00 0.0000e+00 0.0000e+00 0.0000e+00
0.0000e+00 0.0000e+00 0.0000e+00 0.0000e+00 0.0000e+00 0.0000e+00 0.0000e+00 1.0000e+00 2.0000e+00 1.0000e+00 0.0000e+00 1.0000e+00 0.0000e+00 1.0000e+00 6.0000e+00 0.0000e+00 4.0000e+01 1.4000e+02 2.6800e+02 7.4000e+01 2.6000e+01 8.0000e+00 8.0000e+00 7.0000e+00 4.0000e+00 3.0000e+00 1.0000e+00 1.0000e+00 0.0000e+00 1.0000e+00 0.0000e+00 0.0000e+00 0.0000e+00 0.0000e+00 0.0000e+00 0.0000e+00
0.0000e+00 0.0000e+00 0.0000e+00 0.0000e+00 2.0000e+00 1.0000e+00 0.0000e+00 0.0000e+00 0.0000e+00 3.0000e+00 0.0000e+00 2.0000e+00 3.0000e+00 8.0000e+00 2.8000e+01 0.0000e+00 2.3000e+01 1.0800e+02 1.9800e+02 1.1200e+02 2.3000e+01 1.1000e+01 8.0000e+00 7.0000e+00 4.0000e+00 4.0000e+00 0.0000e+00 3.0000e+00 1.0000e+00 4.0000e+00 0.0000e+00 0.0000e+00 0.0000e+00 0.0000e+00 0.0000e+00 0.0000e+00
0.0000e+00 1.0000e+00 1.0000e+00 0.0000e+00 0.0000e+00 0.0000e+00 1.0000e+00 1.0000e+00 2.0000e+00 2.0000e+00 1.0000e+00 0.0000e+00 3.0000e+00 2.0000e+00 1.0000e+01 0.0000e+00 3.1000e+01 1.5100e+02 1.6900e+02 6.7000e+01 4.3000e+01 1.4000e+01 7.0000e+00 2.0000e+00 9.0000e+00 2.0000e+00 3.0000e+00 3.0000e+00 4.0000e+00 0.0000e+00 0.0000e+00 0.0000e+00 0.0000e+00 0.0000e+00 0.0000e+00 0.0000e+00
0.0000e+00 0.0000e+00 0.0000e+00 1.0000e+00 0.0000e+00 1.0000e+00 0.0000e+00 1.0000e+00 2.0000e+00 0.0000e+00 0.0000e+00 2.0000e+00 5.0000e+00 1.0000e+00 5.0000e+00 0.0000e+00 2.5000e+01 1.4800e+02 3.0800e+02 2.2400e+02 3.3000e+01 2.0000e+01 0.0000e+00 2.0000e+00 2.0000e+00 0.0000e+00 2.0000e+00 0.0000e+00 0.0000e+00 0.0000e+00 0.0000e+00 0.0000e+00 0.0000e+00 0.0000e+00 0.0000e+00 0.0000e+00
0.0000e+00 0.0000e+00 0.0000e+00 1.0000e+00 1.0000e+00 1.0000e+00 0.0000e+00 1.0000e+00 0.0000e+00 0.0000e+00 1.0000e+00 1.0000e+00 1.0000e+00 5.0000e+00 1.0000e+01 0.0000e+00 2.0000e+01 3.8000e+02 2.7900e+02 1.0600e+02 4.4000e+01 2.1000e+01 7.0000e+00 3.0000e+00 1.0000e+00 4.0000e+00 2.0000e+00 0.0000e+00 3.0000e+00 2.0000e+00 0.0000e+00 0.0000e+00 0.0000e+00 0.0000e+00 0.0000e+00 0.0000e+00
0.0000e+00 0.0000e+00 0.0000e+00 1.0000e+00 0.0000e+00 0.0000e+00 1.0000e+00 0.0000e+00 0.0000e+00 0.0000e+00 0.0000e+00 0.0000e+00 3.0000e+00 2.0000e+00 7.0000e+00 0.0000e+00 3.5000e+01 2.2000e+02 2.3200e+02 4.8000e+01 3.5000e+01 7.0000e+00 3.0000e+00 3.0000e+00 4.0000e+00 1.0000e+00 1.0000e+00 0.0000e+00 1.0000e+00 0.0000e+00 0.0000e+00 0.0000e+00 0.0000e+00 0.0000e+00 0.0000e+00 0.0000e+00
0.0000e+00 0.0000e+00 0.0000e+00 3.0000e+00 1.0000e+00 2.0000e+00 0.0000e+00 0.0000e+00 0.0000e+00 3.0000e+00 0.0000e+00 1.0000e+00 1.0000e+00 3.0000e+00 6.0000e+00 0.0000e+00 3.8000e+01 1.1100e+02 1.0300e+02 3.1000e+01 1.4000e+01 5.0000e+00 2.0000e+00 2.0000e+00 6.0000e+00 2.0000e+00 0.0000e+00 0.0000e+00 1.0000e+00 2.0000e+00 0.0000e+00 0.0000e+00 0.0000e+00 0.0000e+00 0.0000e+00 0.0000e+00
0.0000e+00 0.0000e+00 0.0000e+00 0.0000e+00 0.0000e+00 1.0000e+00 0.0000e+00 0.0000e+00 3.0000e+00 3.0000e+00 0.0000e+00 1.0000e+00 4.0000e+00 5.0000e+00 7.0000e+00 0.0000e+00 2.4000e+01 7.3000e+01 6.0000e+01 3.3000e+01 1.8000e+01 5.0000e+00 3.0000e+00 2.0000e+00 4.0000e+00 4.0000e+00 2.0000e+00 0.0000e+00 0.0000e+00 0.0000e+00 0.0000e+00 0.0000e+00 0.0000e+00 0.0000e+00 0.0000e+00 0.0000e+00
0.0000e+00 0.0000e+00 0.0000e+00 0.0000e+00 2.0000e+00 0.0000e+00 0.0000e+00 0.0000e+00 1.0000e+00 2.0000e+00 1.0000e+00 1.0000e+00 1.0000e+00 1.0000e+00 5.0000e+00 0.0000e+00 3.1000e+01 7.2000e+01 7.1000e+01 3.7000e+01 3.1000e+01 3.0000e+00 5.0000e+00 2.0000e+00 0.0000e+00 0.0000e+00 1.0000e+00 1.0000e+00 1.0000e+00 4.0000e+00 0.0000e+00 0.0000e+00 0.0000e+00 0.0000e+00 0.0000e+00 0.0000e+00
1.0000e+00 0.0000e+00 2.0000e+00 1.0000e+00 0.0000e+00 0.0000e+00 0.0000e+00 0.0000e+00 0.0000e+00 3.0000e+00 0.0000e+00 1.0000e+00 1.0000e+00 2.0000e+00 5.0000e+00 0.0000e+00 1.2000e+01 4.2000e+01 9.4000e+01 2.3000e+01 4.0000e+00 7.0000e+00 4.0000e+00 1.0000e+00 2.0000e+00 3.0000e+00 0.0000e+00 0.0000e+00 2.0000e+00 0.0000e+00 0.0000e+00 0.0000e+00 0.0000e+00 0.0000e+00 0.0000e+00 0.0000e+00
0.0000e+00 0.0000e+00 0.0000e+00 0.0000e+00 0.0000e+00 1.0000e+00 0.0000e+00 0.0000e+00 3.0000e+00 1.0000e+00 1.0000e+00 1.0000e+00 2.0000e+00 5.0000e+00 4.0000e+00 0.0000e+00 2.5000e+01 5.3000e+01 6.4000e+01 2.8000e+01 9.0000e+00 1.0000e+00 0.0000e+00 2.0000e+00 1.0000e+00 2.0000e+00 1.0000e+00 0.0000e+00 0.0000e+00 0.0000e+00 0.0000e+00 0.0000e+00 0.0000e+00 0.0000e+00 0.0000e+00 0.0000e+00
0.0000e+00 1.0000e+00 0.0000e+00 0.0000e+00 0.0000e+00 0.0000e+00 1.0000e+00 3.0000e+00 1.0000e+00 2.0000e+00 0.0000e+00 3.0000e+00 1.0000e+00 1.0000e+00 8.0000e+00 0.0000e+00 1.6000e+01 5.6000e+01 3.7000e+01 1.4000e+01 7.0000e+00 2.0000e+00 1.0000e+00 1.0000e+00 0.0000e+00 1.0000e+00 0.0000e+00 0.0000e+00 2.0000e+00 6.0000e+00 0.0000e+00 0.0000e+00 0.0000e+00 0.0000e+00 0.0000e+00 0.0000e+00
0.0000e+00 0.0000e+00 0.0000e+00 0.0000e+00 0.0000e+00 0.0000e+00 0.0000e+00 0.0000e+00 1.0000e+00 3.0000e+00 0.0000e+00 3.0000e+00 4.0000e+00 3.0000e+00 3.0000e+00 0.0000e+00 1.4000e+01 3.3000e+01 3.6000e+01 1.2000e+01 6.0000e+00 5.0000e+00 0.0000e+00 1.0000e+00 1.0000e+00 3.0000e+00 2.0000e+00 2.0000e+00 4.0000e+00 0.0000e+00 0.0000e+00 0.0000e+00 0.0000e+00 0.0000e+00 0.0000e+00 0.0000e+00
0.0000e+00 0.0000e+00 0.0000e+00 1.0000e+00 1.0000e+00 0.0000e+00 2.0000e+00 1.0000e+00 0.0000e+00 0.0000e+00 1.0000e+00 4.0000e+00 4.0000e+00 2.6000e+01 8.0000e+00 0.0000e+00 1.2000e+01 3.3000e+01 1.4000e+01 6.0000e+00 5.0000e+00 2.0000e+00 1.0000e+00 3.0000e+00 2.0000e+00 1.0000e+00 0.0000e+00 1.0000e+00 2.0000e+00 1.0000e+00 0.0000e+00 0.0000e+00 0.0000e+00 0.0000e+00 0.0000e+00 0.0000e+00
0.0000e+00 0.0000e+00 2.0000e+00 0.0000e+00 1.0000e+00 1.0000e+00 0.0000e+00 0.0000e+00 2.0000e+00 0.0000e+00 0.0000e+00 0.0000e+00 4.0000e+00 6.0000e+00 2.6000e+01 0.0000e+00 2.1000e+01 2.0000e+01 2.0000e+01 1.6000e+01 6.0000e+00 3.0000e+00 2.0000e+00 3.0000e+00 5.0000e+00 1.0000e+00 0.0000e+00 1.0000e+00 0.0000e+00 1.0000e+00 0.0000e+00 0.0000e+00 0.0000e+00 0.0000e+00 0.0000e+00 0.0000e+00
0.0000e+00 1.0000e+00 0.0000e+00 0.0000e+00 1.0000e+00 1.0000e+00 0.0000e+00 1.0000e+00 3.0000e+00 1.0000e+00 3.0000e+00 1.0000e+00 0.0000e+00 6.0000e+00 1.3000e+01 0.0000e+00 1.9000e+01 2.1000e+01 2.8000e+01 7.0000e+00 1.7000e+01 3.0000e+00 2.0000e+00 2.0000e+00 4.0000e+00 1.0000e+00 2.0000e+00 0.0000e+00 1.0000e+00 0.0000e+00 0.0000e+00 0.0000e+00 0.0000e+00 0.0000e+00 0.0000e+00 0.0000e+00
0.0000e+00 1.0000e+00 0.0000e+00 1.0000e+00 0.0000e+00 0.0000e+00 0.0000e+00 0.0000e+00 3.0000e+00 0.0000e+00 4.0000e+00 4.0000e+00 2.0000e+00 2.0000e+00 9.0000e+00 0.0000e+00 9.0000e+00 3.2000e+01 3.8000e+01 6.0000e+00 8.0000e+00 7.0000e+00 6.0000e+00 3.0000e+00 4.0000e+00 1.0000e+00 0.0000e+00 1.0000e+00 1.0000e+00 1.0000e+00 0.0000e+00 0.0000e+00 0.0000e+00 0.0000e+00 0.0000e+00 0.0000e+00
0.0000e+00 0.0000e+00 0.0000e+00 0.0000e+00 0.0000e+00 0.0000e+00 0.0000e+00 1.0000e+00 0.0000e+00 1.0000e+00 0.0000e+00 1.0000e+00 1.0000e+00 3.0000e+00 8.0000e+00 0.0000e+00 1.2000e+01 1.8000e+01 2.4000e+01 1.1000e+01 3.0000e+00 4.0000e+00 5.0000e+00 1.0000e+00 1.0000e+00 1.0000e+00 2.0000e+00 2.0000e+00 3.0000e+00 1.0000e+00 0.0000e+00 0.0000e+00 0.0000e+00 0.0000e+00 0.0000e+00 0.0000e+00
0.0000e+00 0.0000e+00 0.0000e+00 0.0000e+00 0.0000e+00 0.0000e+00 0.0000e+00 1.0000e+00 1.0000e+00 2.0000e+00 4.0000e+00 0.0000e+00 2.0000e+00 1.0000e+00 9.0000e+00 0.0000e+00 1.5000e+01 4.0000e+01 1.9000e+01 9.0000e+00 5.0000e+00 1.0000e+00 3.0000e+00 1.0000e+00 2.0000e+00 1.0000e+00 1.0000e+00 0.0000e+00 0.0000e+00 1.0000e+00 0.0000e+00 0.0000e+00 0.0000e+00 0.0000e+00 0.0000e+00 0.0000e+00
0.0000e+00 0.0000e+00 0.0000e+00 0.0000e+00 1.0000e+00 0.0000e+00 2.0000e+00 0.0000e+00 0.0000e+00 0.0000e+00 2.0000e+00 1.0000e+00 1.0000e+00 2.0000e+00 7.0000e+00 0.0000e+00 9.0000e+00 4.1000e+01 3.4000e+01 1.1000e+01 3.0000e+00 3.0000e+00 1.0000e+00 1.0000e+00 0.0000e+00 1.0000e+00 0.0000e+00 0.0000e+00 3.0000e+00 2.0000e+00 0.0000e+00 0.0000e+00 0.0000e+00 0.0000e+00 0.0000e+00 0.0000e+00
0.0000e+00 0.0000e+00 1.0000e+00 0.0000e+00 0.0000e+00 2.0000e+00 2.0000e+00 0.0000e+00 4.0000e+00 4.0000e+00 4.0000e+00 5.0000e+00 1.0000e+00 4.0000e+00 1.3000e+01 0.0000e+00 8.0000e+00 4.1000e+01 2.1000e+01 6.0000e+00 1.0000e+00 0.0000e+00 4.0000e+00 3.0000e+00 0.0000e+00 1.0000e+00 0.0000e+00 0.0000e+00 3.0000e+00 0.0000e+00 0.0000e+00 0.0000e+00 0.0000e+00 0.0000e+00 0.0000e+00 0.0000e+00
0.0000e+00 0.0000e+00 0.0000e+00 0.0000e+00 0.0000e+00 0.0000e+00 1.0000e+00 1.0000e+00 0.0000e+00 2.0000e+00 0.0000e+00 1.0000e+00 0.0000e+00 3.0000e+00 1.5000e+01 0.0000e+00 1.5000e+01 2.9000e+01 1.7000e+01 1.0000e+01 5.0000e+00 0.0000e+00 1.0000e+00 0.0000e+00 2.0000e+00 0.0000e+00 0.0000e+00 3.0000e+00 0.0000e+00 0.0000e+00 0.0000e+00 0.0000e+00 0.0000e+00 0.0000e+00 0.0000e+00 0.0000e+00
0.0000e+00 0.0000e+00 1.0000e+00 0.0000e+00 0.0000e+00 1.0000e+00 0.0000e+00 1.0000e+00 1.0000e+00 2.0000e+00 2.0000e+00 2.0000e+00 5.0000e+00 1.3000e+01 6.0000e+01 0.0000e+00 1.3000e+01 3.0000e+01 3.4000e+01 6.0000e+00 6.0000e+00 2.0000e+00 1.0000e+00 1.0000e+00 1.0000e+00 0.0000e+00 0.0000e+00 0.0000e+00 2.0000e+00 0.0000e+00 0.0000e+00 0.0000e+00 0.0000e+00 0.0000e+00 0.0000e+00 0.0000e+00
0.0000e+00 0.0000e+00 0.0000e+00 0.0000e+00 0.0000e+00 1.0000e+00 1.0000e+00 2.0000e+00 5.0000e+00 2.0000e+00 4.0000e+00 2.0000e+00 6.0000e+00 3.2000e+01 1.2400e+02 0.0000e+00 1.6000e+01 3.6000e+01 1.2000e+01 1.0000e+01 2.0000e+00 0.0000e+00 2.0000e+00 1.0000e+00 1.0000e+00 2.0000e+00 2.0000e+00 1.0000e+00 2.0000e+00 1.0000e+00 0.0000e+00 0.0000e+00 0.0000e+00 0.0000e+00 0.0000e+00 0.0000e+00
0.0000e+00 1.0000e+00 0.0000e+00 0.0000e+00 0.0000e+00 2.0000e+00 0.0000e+00 3.0000e+00 1.0000e+00 2.0000e+00 2.0000e+00 2.0000e+00 2.0000e+00 1.9000e+01 1.1700e+02 0.0000e+00 1.3000e+01 3.3000e+01 2.9000e+01 1.1000e+01 1.0000e+00 2.0000e+00 0.0000e+00 1.0000e+00 1.0000e+00 0.0000e+00 1.0000e+00 0.0000e+00 0.0000e+00 0.0000e+00 0.0000e+00 0.0000e+00 0.0000e+00 0.0000e+00 0.0000e+00 0.0000e+00
0.0000e+00 0.0000e+00 1.0000e+00 0.0000e+00 0.0000e+00 1.0000e+00 0.0000e+00 1.0000e+00 0.0000e+00 5.0000e+00 1.0000e+00 1.0000e+00 1.0000e+00 3.0000e+00 3.5000e+01 0.0000e+00 2.0000e+01 3.2000e+01 1.7000e+01 1.1000e+01 4.0000e+00 7.0000e+00 1.0000e+00 0.0000e+00 1.0000e+00 0.0000e+00 0.0000e+00 1.0000e+00 2.0000e+00 1.0000e+00 0.0000e+00 0.0000e+00 0.0000e+00 0.0000e+00 0.0000e+00 0.0000e+00
0.0000e+00 1.0000e+00 0.0000e+00 0.0000e+00 1.0000e+00 0.0000e+00 2.0000e+00 1.0000e+00 3.0000e+00 3.0000e+00 1.0000e+00 4.0000e+00 2.0000e+00 2.0000e+00 1.2000e+01 0.0000e+00 3.1000e+01 6.9000e+01 1.5000e+01 8.0000e+00 7.0000e+00 2.0000e+00 1.0000e+00 2.0000e+00 2.0000e+00 0.0000e+00 2.0000e+00 0.0000e+00 0.0000e+00 1.0000e+00 0.0000e+00 0.0000e+00 0.0000e+00 0.0000e+00 0.0000e+00 0.0000e+00
0.0000e+00 0.0000e+00 0.0000e+00 0.0000e+00 1.0000e+00 0.0000e+00 3.0000e+00 1.0000e+00 0.0000e+00 3.0000e+00 3.0000e+00 1.0000e+00 3.0000e+00 6.0000e+00 1.3000e+01 0.0000e+00 2.9000e+01 4.4000e+01 2.3000e+01 4.0000e+00 6.0000e+00 2.0000e+00 0.0000e+00 1.0000e+00 1.0000e+00 1.0000e+00 0.0000e+00 1.0000e+00 1.0000e+00 0.0000e+00 0.0000e+00 0.0000e+00 0.0000e+00 0.0000e+00 0.0000e+00 0.0000e+00
0.0000e+00 0.0000e+00 0.0000e+00 1.0000e+00 4.0000e+00 0.0000e+00 2.0000e+00 3.0000e+00 0.0000e+00 3.0000e+00 0.0000e+00 0.0000e+00 3.0000e+00 6.0000e+00 5.0000e+00 0.0000e+00 3.3000e+01 4.5000e+01 1.5000e+01 7.0000e+00 6.0000e+00 6.0000e+00 5.0000e+00 1.0000e+00 1.0000e+00 1.0000e+00 1.0000e+00 0.0000e+00 0.0000e+00 0.0000e+00 0.0000e+00 0.0000e+00 0.0000e+00 0.0000e+00 0.0000e+00 0.0000e+00
0.0000e+00 0.0000e+00 0.0000e+00 0.0000e+00 0.0000e+00 2.0000e+00 3.0000e+00 2.0000e+00 1.0000e+00 5.0000e+00 1.0000e+00 2.0000e+00 2.0000e+00 2.0000e+00 5.0000e+00 0.0000e+00 2.8000e+01 5.5000e+01 2.3000e+01 6.0000e+00 4.0000e+00 4.0000e+00 4.0000e+00 2.0000e+00 1.0000e+00 1.0000e+00 0.0000e+00 0.0000e+00 0.0000e+00 0.0000e+00 0.0000e+00 0.0000e+00 0.0000e+00 0.0000e+00 0.0000e+00 0.0000e+00
0.0000e+00 0.0000e+00 0.0000e+00 0.0000e+00 0.0000e+00 0.0000e+00 2.0000e+00 1.0000e+00 3.0000e+00 6.0000e+00 1.0000e+00 1.0000e+00 3.0000e+00 8.0000e+00 9.0000e+00 0.0000e+00 2.9000e+01 4.8000e+01 1.3000e+01 1.6000e+01 5.0000e+00 3.0000e+00 0.0000e+00 0.0000e+00 1.0000e+00 1.0000e+00 1.0000e+00 1.0000e+00 0.0000e+00 2.0000e+00 0.0000e+00 0.0000e+00 0.0000e+00 0.0000e+00 0.0000e+00 0.0000e+00
0.0000e+00 0.0000e+00 0.0000e+00 2.0000e+00 0.0000e+00 1.0000e+00 1.0000e+00 3.0000e+00 1.0000e+00 5.0000e+00 2.0000e+00 2.0000e+00 3.0000e+00 5.0000e+00 6.0000e+00 0.0000e+00 4.3000e+01 5.6000e+01 1.4000e+01 1.1000e+01 6.0000e+00 4.0000e+00 4.0000e+00 1.0000e+00 0.0000e+00 1.0000e+00 0.0000e+00 0.0000e+00 0.0000e+00 0.0000e+00 0.0000e+00 0.0000e+00 0.0000e+00 0.0000e+00 0.0000e+00 0.0000e+00
0.0000e+00 0.0000e+00 0.0000e+00 0.0000e+00 2.0000e+00 1.0000e+00 2.0000e+00 3.0000e+00 5.0000e+00 2.0000e+00 3.0000e+00 4.0000e+00 0.0000e+00 3.0000e+00 6.0000e+00 0.0000e+00 4.4000e+01 7.0000e+01 2.4000e+01 1.9000e+01 8.0000e+00 5.0000e+00 1.0000e+00 0.0000e+00 1.0000e+00 1.0000e+00 0.0000e+00 0.0000e+00 1.0000e+00 0.0000e+00 0.0000e+00 0.0000e+00 0.0000e+00 0.0000e+00 0.0000e+00 0.0000e+00
0.0000e+00 0.0000e+00 1.0000e+00 0.0000e+00 1.0000e+00 0.0000e+00 1.0000e+00 1.0000e+00 2.0000e+00 4.0000e+00 3.0000e+00 2.0000e+00 4.0000e+00 6.0000e+00 6.0000e+00 0.0000e+00 6.3000e+01 1.0800e+02 3.7000e+01 1.4000e+01 7.0000e+00 2.0000e+00 1.0000e+00 0.0000e+00 4.0000e+00 1.0000e+00 0.0000e+00 0.0000e+00 0.0000e+00 0.0000e+00 0.0000e+00 0.0000e+00 0.0000e+00 0.0000e+00 0.0000e+00 0.0000e+00
0.0000e+00 0.0000e+00 0.0000e+00 0.0000e+00 0.0000e+00 0.0000e+00 0.0000e+00 2.0000e+00 2.0000e+00 3.0000e+00 3.0000e+00 3.0000e+00 4.0000e+00 5.0000e+00 9.0000e+00 0.0000e+00 7.1000e+01 2.0700e+02 1.4400e+02 2.0000e+01 8.0000e+00 5.0000e+00 4.0000e+00 2.0000e+00 1.0000e+00 2.0000e+00 0.0000e+00 1.0000e+00 0.0000e+00 2.0000e+00 0.0000e+00 0.0000e+00 0.0000e+00 0.0000e+00 0.0000e+00 0.0000e+00
0.0000e+00 0.0000e+00 0.0000e+00 1.0000e+00 0.0000e+00 0.0000e+00 2.0000e+00 1.0000e+00 2.0000e+00 1.0000e+01 3.0000e+00 3.0000e+00 5.0000e+00 4.0000e+00 1.3000e+01 0.0000e+00 9.3000e+01 2.2000e+02 8.6000e+01 2.5000e+01 1.2000e+01 7.0000e+00 0.0000e+00 0.0000e+00 2.0000e+00 3.0000e+00 0.0000e+00 0.0000e+00 2.0000e+00 0.0000e+00 0.0000e+00 0.0000e+00 0.0000e+00 0.0000e+00 0.0000e+00 0.0000e+00
0.0000e+00 1.0000e+00 0.0000e+00 0.0000e+00 1.0000e+00 0.0000e+00 1.0000e+00 2.0000e+00 6.0000e+00 5.0000e+00 6.0000e+00 3.4000e+01 1.4000e+01 6.0000e+00 1.6000e+01 0.0000e+00 7.5000e+01 2.3000e+02 8.5000e+01 3.1000e+01 1.1000e+01 6.0000e+00 2.0000e+00 2.0000e+00 0.0000e+00 5.0000e+00 0.0000e+00 1.0000e+00 0.0000e+00 0.0000e+00 0.0000e+00 0.0000e+00 0.0000e+00 0.0000e+00 0.0000e+00 0.0000e+00
0.0000e+00 0.0000e+00 0.0000e+00 1.0000e+00 1.0000e+00 0.0000e+00 0.0000e+00 1.0000e+00 5.0000e+00 1.0000e+01 6.2000e+01 4.0700e+02 2.6000e+01 5.0000e+00 8.0000e+00 0.0000e+00 7.8000e+01 2.4300e+02 1.2100e+02 3.5000e+01 1.0000e+01 3.0000e+00 3.0000e+00 2.0000e+00 2.0000e+00 3.0000e+00 0.0000e+00 0.0000e+00 0.0000e+00 1.0000e+00 0.0000e+00 0.0000e+00 0.0000e+00 0.0000e+00 0.0000e+00 0.0000e+00
0.0000e+00 0.0000e+00 0.0000e+00 0.0000e+00 1.0000e+00 0.0000e+00 1.0000e+00 1.0000e+00 5.0000e+00 3.0000e+00 6.6000e+01 4.2800e+02 2.9000e+01 1.4000e+01 1.6000e+01 0.0000e+00 1.0300e+02 4.6400e+02 2.4300e+02 3.0000e+01 2.3000e+01 9.0000e+00 7.0000e+00 6.0000e+00 1.0000e+00 1.0000e+00 0.0000e+00 0.0000e+00 0.0000e+00 2.0000e+00 0.0000e+00 0.0000e+00 0.0000e+00 0.0000e+00 0.0000e+00 0.0000e+00
0.0000e+00 0.0000e+00 0.0000e+00 0.0000e+00 0.0000e+00 1.0000e+00 1.0000e+00 2.0000e+00 2.0000e+00 3.0000e+00 3.0000e+00 1.9000e+01 5.0000e+00 7.0000e+00 1.9000e+01 0.0000e+00 1.3100e+02 7.1600e+02 3.9400e+02 7.7000e+01 1.8000e+01 5.0000e+00 6.0000e+00 0.0000e+00 2.0000e+00 2.0000e+00 3.0000e+00 1.0000e+00 0.0000e+00 2.0000e+00 0.0000e+00 0.0000e+00 0.0000e+00 0.0000e+00 0.0000e+00 0.0000e+00
0.0000e+00 1.0000e+00 0.0000e+00 0.0000e+00 0.0000e+00 2.0000e+00 2.0000e+00 1.0000e+00 1.0000e+00 2.0000e+00 2.0000e+00 2.0000e+00 8.0000e+00 8.0000e+00 2.7000e+01 0.0000e+00 1.4200e+02 9.9500e+02 5.5200e+02 9.8000e+01 3.3000e+01 1.4000e+01 1.0000e+00 5.0000e+00 4.0000e+00 1.0000e+00 0.0000e+00 2.0000e+00 1.0000e+00 0.0000e+00 0.0000e+00 0.0000e+00 0.0000e+00 0.0000e+00 0.0000e+00 0.0000e+00
0.0000e+00 0.0000e+00 0.0000e+00 0.0000e+00 1.0000e+00 1.0000e+00 0.0000e+00 0.0000e+00 4.0000e+00 1.1000e+01 0.0000e+00 3.0000e+00 9.0000e+00 8.0000e+00 3.8000e+01 0.0000e+00 1.8400e+02 1.0860e+03 5.9700e+02 1.2500e+02 4.0000e+01 1.7000e+01 1.0000e+01 5.0000e+00 6.0000e+00 2.0000e+00 1.0000e+00 1.0000e+00 2.0000e+00 2.0000e+00 0.0000e+00 0.0000e+00 0.0000e+00 0.0000e+00 0.0000e+00 0.0000e+00
0.0000e+00 0.0000e+00 0.0000e+00 0.0000e+00 1.0000e+00 1.0000e+00 5.0000e+00 0.0000e+00 3.2000e+01 1.4000e+02 4.0000e+00 2.0000e+00 3.0000e+00 5.0000e+00 2.5000e+01 0.0000e+00 1.8100e+02 1.5600e+03 8.9500e+02 1.6300e+02 4.0000e+01 1.8000e+01 8.0000e+00 0.0000e+00 4.0000e+00 3.0000e+00 1.0000e+00 1.0000e+00 0.0000e+00 0.0000e+00 0.0000e+00 0.0000e+00 0.0000e+00 0.0000e+00 0.0000e+00 0.0000e+00
0.0000e+00 1.0000e+00 0.0000e+00 0.0000e+00 0.0000e+00 1.0000e+00 0.0000e+00 0.0000e+00 5.0000e+00 2.3000e+01 3.0000e+00 7.0000e+00 1.0000e+00 9.0000e+00 1.9000e+01 0.0000e+00 1.8700e+02 1.1120e+03 9.7000e+02 1.9300e+02 5.7000e+01 1.7000e+01 8.0000e+00 5.0000e+00 3.0000e+00 4.0000e+00 1.0000e+00 1.0000e+00 2.0000e+00 0.0000e+00 0.0000e+00 0.0000e+00 0.0000e+00 0.0000e+00 0.0000e+00 0.0000e+00
0.0000e+00 1.0000e+00 0.0000e+00 3.0000e+00 1.0000e+00 0.0000e+00 1.0000e+00 0.0000e+00 2.0000e+00 1.0000e+00 4.0000e+00 2.0000e+00 5.0000e+00 1.4000e+01 2.5000e+01 0.0000e+00 1.9900e+02 9.8800e+02 7.0400e+02 1.8700e+02 8.0000e+01 3.3000e+01 1.2000e+01 2.0000e+00 8.0000e+00 3.0000e+00 3.0000e+00 3.0000e+00 0.0000e+00 0.0000e+00 0.0000e+00 0.0000e+00 0.0000e+00 0.0000e+00 0.0000e+00 0.0000e+00
0.0000e+00 0.0000e+00 0.0000e+00 0.0000e+00 0.0000e+00 1.0000e+00 0.0000e+00 0.0000e+00 3.0000e+00 3.0000e+00 1.0000e+00 2.0000e+00 3.0000e+00 6.0000e+00 2.4000e+01 0.0000e+00 1.9900e+02 1.1790e+03 6.4800e+02 1.9100e+02 7.5000e+01 2.9000e+01 1.6000e+01 1.1000e+01 9.0000e+00 1.0000e+00 1.0000e+00 0.0000e+00 2.0000e+00 3.0000e+00 0.0000e+00 0.0000e+00 0.0000e+00 0.0000e+00 0.0000e+00 0.0000e+00
0.0000e+00 0.0000e+00 0.0000e+00 1.0000e+00 0.0000e+00 0.0000e+00 3.0000e+00 0.0000e+00 2.0000e+00 4.0000e+00 0.0000e+00 4.0000e+00 6.0000e+00 6.0000e+00 3.1000e+01 0.0000e+00 2.3300e+02 1.1070e+03 6.5700e+02 1.6000e+02 5.7000e+01 2.9000e+01 1.8000e+01 3.0000e+00 6.0000e+00 4.0000e+00 1.0000e+00 1.0000e+00 0.0000e+00 1.0000e+00 0.0000e+00 0.0000e+00 0.0000e+00 0.0000e+00 0.0000e+00 0.0000e+00
0.0000e+00 0.0000e+00 0.0000e+00 0.0000e+00 1.0000e+00 0.0000e+00 0.0000e+00 2.0000e+00 1.0000e+00 2.0000e+00 2.0000e+00 2.0000e+00 6.0000e+00 1.0000e+01 2.1000e+01 0.0000e+00 2.4600e+02 1.0590e+03 6.5400e+02 2.1100e+02 6.5000e+01 2.4000e+01 1.1000e+01 2.0000e+00 4.0000e+00 3.0000e+00 4.0000e+00 0.0000e+00 2.0000e+00 0.0000e+00 0.0000e+00 0.0000e+00 0.0000e+00 0.0000e+00 0.0000e+00 0.0000e+00
0.0000e+00 0.0000e+00 1.0000e+00 0.0000e+00 0.0000e+00 0.0000e+00 2.0000e+00 1.0000e+00 3.0000e+00 4.0000e+00 3.0000e+00 6.0000e+00 8.0000e+00 7.0000e+00 2.0000e+01 0.0000e+00 2.7000e+02 9.2400e+02 7.0300e+02 2.1200e+02 6.8000e+01 3.5000e+01 7.0000e+00 8.0000e+00 4.0000e+00 4.0000e+00 1.0000e+00 1.0000e+00 1.0000e+00 1.0000e+00 0.0000e+00 0.0000e+00 0.0000e+00 0.0000e+00 0.0000e+00 0.0000e+00
0.0000e+00 0.0000e+00 0.0000e+00 0.0000e+00 2.0000e+00 0.0000e+00 2.0000e+00 3.0000e+00 5.0000e+00 2.0000e+00 2.0000e+00 5.0000e+00 4.0000e+00 1.3000e+01 2.5000e+01 0.0000e+00 2.9800e+02 1.0600e+03 7.6000e+02 2.7700e+02 7.1000e+01 2.9000e+01 9.0000e+00 6.0000e+00 1.2000e+01 9.0000e+00 1.0000e+00 0.0000e+00 2.0000e+00 3.0000e+00 0.0000e+00 0.0000e+00 0.0000e+00 0.0000e+00 0.0000e+00 0.0000e+00
0.0000e+00 1.0000e+00 0.0000e+00 0.0000e+00 0.0000e+00 1.0000e+00 0.0000e+00 0.0000e+00 3.0000e+00 6.0000e+00 3.0000e+00 2.0000e+00 3.0000e+00 1.2000e+01 3.1000e+01 0.0000e+00 3.7800e+02 1.1750e+03 6.6100e+02 2.9500e+02 9.2000e+01 3.5000e+01 1.2000e+01 7.0000e+00 7.0000e+00 5.0000e+00 1.0000e+00 0.0000e+00 0.0000e+00 0.0000e+00 0.0000e+00 0.0000e+00 0.0000e+00 0.0000e+00 0.0000e+00 0.0000e+00
1.0000e+00 1.0000e+00 0.0000e+00 0.0000e+00 0.0000e+00 1.0000e+00 2.0000e+00 0.0000e+00 0.0000e+00 5.0000e+00 3.0000e+00 2.0000e+00 1.1000e+01 1.4000e+01 3.5000e+01 0.0000e+00 4.7600e+02 1.3280e+03 7.8500e+02 2.7200e+02 8.6000e+01 3.5000e+01 2.9000e+01 7.0000e+00 3.0000e+00 7.0000e+00 3.0000e+00 2.0000e+00 2.0000e+00 1.0000e+00 0.0000e+00 0.0000e+00 0.0000e+00 0.0000e+00 0.0000e+00 0.0000e+00
0.0000e+00 0.0000e+00 2.0000e+00 0.0000e+00 0.0000e+00 0.0000e+00 0.0000e+00 1.0000e+00 1.0000e+00 1.0000e+00 2.0000e+00 5.0000e+00 1.0000e+00 1.1000e+01 3.9000e+01 0.0000e+00 7.7700e+02 1.9090e+03 1.2340e+03 4.4600e+02 1.3000e+02 6.8000e+01 4.0000e+01 1.2000e+01 4.0000e+00 6.0000e+00 4.0000e+00 1.0000e+00 1.0000e+00 2.0000e+00 0.0000e+00 0.0000e+00 0.0000e+00 0.0000e+00 0.0000e+00 0.0000e+00
0.0000e+00 0.0000e+00 0.0000e+00 1.0000e+00 0.0000e+00 0.0000e+00 0.0000e+00 0.0000e+00 2.0000e+00 3.0000e+00 1.0000e+00 2.0000e+00 5.0000e+00 1.4000e+01 4.4000e+01 0.0000e+00 1.2430e+03 2.2480e+03 1.6600e+03 9.1600e+02 7.8000e+01 3.4000e+01 1.8000e+01 7.0000e+00 5.0000e+00 0.0000e+00 3.0000e+00 1.0000e+00 5.0000e+00 0.0000e+00 0.0000e+00 0.0000e+00 0.0000e+00 0.0000e+00 0.0000e+00 0.0000e+00
